1.160909379237171413e+00
3.809260178294806565e+00
1.538943905939140171e+07
1.469054817369796910e+04
4.298414346278509868e+01
2.373460714218823239e+06
2.762711663299490539e+01
2.415815220967764354e+00
5.340723024781855202e+04
1.016068264362219423e+08
5.438506546307910412e+02
5.136090334942801856e+06
1.413744725528428704e+07
6.835410081365650694e+04
1.950567374739350868e+01
1.036911798809942789e+06
4.226947118000525805e-01
1.981713754487050325e+07
8.739410459446507739e+05
1.797897210992428660e+07
6.288079075392611905e+00
3.198386083090497181e+06
3.466298185878619620e+01
1.466778283540481311e+02
2.743018517172549665e+07
1.397359252492717019e+02
1.283422436613071151e+07
1.171354097241198644e+07
6.729307857965195261e+00
1.193154184891217388e+06
3.839999968024220434e+05
9.355353194152498020e+01
1.044710166538797930e+05
7.034126627619354427e+07
5.318727644353217911e+05
5.807394615782916844e+03
2.583674334919937886e+06
6.173200194689453201e+04
2.640521134805699717e+02
1.919206966474448517e+07
6.908573912093523006e+01
9.763665635020624123e-01
1.219108117812827459e+02
2.276279526536480524e+06
9.393189268085209187e+05
1.075702775105149778e+00
2.457945409889853181e+02
3.215620955178557429e+06
4.854149415200963616e+06
5.104229630369473307e+04
7.663716393300862819e+02
8.778950281366633251e+06
1.470162816569602303e+07
4.431734997129322030e+06
1.049771664084149379e+05
9.818286906736352248e+05
3.067627593655661331e+05
4.381552432539680630e+00
2.356478037620343734e+06
1.240336671220988585e+01
3.426245649680389091e+06
2.493820885404960208e+01
9.712158507753973709e+02
1.197760564641592064e+05
9.315352513222580910e+01
2.766850924726298079e+07
9.519826088143447414e+06
5.244818432934047654e+06
6.159983659806080908e+07
1.084102283672711402e+08
2.346271888100716352e-01
1.663625926484276096e+00
1.843384562817468009e+01
1.210937865513399629e+04
4.417486670354487374e+06
1.355435639386392757e+07
6.000796356973299384e+07
3.345102198653328287e+02
2.478911178536751121e+07
1.281652304344561708e+05
1.320110833240062464e+06
9.598310097349628340e+05
3.152914654313151538e+07
1.393096104326547682e+08
2.876693994007600708e+01
1.201877246317408746e+06
8.556945443974618684e+03
2.354775661725138343e+04
3.127364518531245267e+04
5.047019051249898621e+04
5.948814624060024814e-01
1.812735378099093214e+07
9.353681980916184839e+05
5.576995384971874300e+05
1.653619252830634068e+05
2.368733459952674806e+06
8.382325408092024922e+07
2.801933538731320575e+07
6.591259819615240849e+04
4.692177899883588355e-01
2.155607784797025844e+06
3.290601374874096052e+01
2.716202285772687197e+07
7.215693076961109415e+06
3.418937248488917947e+06
1.073376875284008020e+04
4.527038899165214229e-03
1.193873981692607167e+00
4.259070343598575564e+05
1.878666146559286654e+00
2.723277510702350992e+05
1.466648828407533234e+06
2.434813793161330273e-02
2.930763462742138188e+06
1.335065702629291685e+06
3.146686164827961475e+06
1.024281835367510524e-01
2.974076208869779017e+06
1.773000959694239795e+08
8.671469955262475651e+02
5.821881415738393553e+05
8.067275120347986929e+06
3.806537926688075066e+07
8.567641780051951983e+00
6.810299088693055580e+01
4.421763869367279112e+07
1.446983318428616450e+01
1.879776005368551921e+02
1.312689112705678493e+07
3.228764889217470409e+04
1.570205454068442807e+07
2.553754238839622559e+01
3.184775036128488369e+06
1.219945176095795336e+00
1.935494612550428882e+07
2.081193915887079388e+07
3.160470540069845811e+03
6.943001186804698408e+07
3.431829723189570010e+07
1.337133970122342929e+07
8.260318328880919125e+01
7.092720299900477403e+04
1.449184762021597661e+07
1.211956642124840045e+02
2.907551175070368336e+05
5.946123908228516086e+01
8.920714178200812603e+04
2.935936974907506279e-04
2.242280755362441778e+04
6.994282943643703732e+01
2.850349353375472674e+02
1.181830389344915204e+02
1.907060925252756337e+06
7.933386717451466247e+05
6.047954557961098772e+02
2.628477690939425025e+06
2.767392614501817434e+02
4.632283938883099705e+06
7.661863667891373098e+02
2.151405980710975285e+01
5.666224275232254528e+06
2.181472351483737953e+02
1.092611197570839524e+07
3.655649885389482975e+07
1.682740043981116855e+02
8.395294896548567340e+05
1.589743914649696421e+01
1.925064358748655766e+06
3.652457369349601213e+06
4.815992346819874644e+07
4.115072018188696355e+07
1.345849052854308486e+07
9.183576383585463918e+04
1.478065165836299322e+01
1.148120611186569562e+02
1.831979571474994373e+03
1.843265503256245885e-02
2.059496262631972058e+03
8.795956744920777055e+02
2.462974671899888490e+05
1.439831351545839570e+07
1.118157368123349293e+01
2.613950081600119120e+02
8.063935388019782522e+02
1.336331907084147213e+06
9.361595257465410214e+02
6.650686923740198836e+05
1.141676915403837143e+02
6.222294879481043899e+05
1.198164228152866708e+06
4.850011562236374011e+05
1.654058134884230606e+07
9.986566808166809750e+00
3.722516441496221518e+01
2.270057736872631082e+01
8.039317417908141215e+04
1.168078328552987427e+08
4.513477708466966636e+06
2.306149576698510867e-02
3.462004674534589797e+07
6.382225305078635924e+06
2.275532319248003513e+07
2.673574049764697906e+06
2.101328793019718333e+01
1.642610184650714622e-01
1.691991157538336003e+06
3.503978607851921115e+05
1.354336605730346637e+06
2.069533259850554913e+07
4.409975749155183323e+06
2.159035254465900827e+06
6.748544044791926444e+07
5.328054410814782038e+00
1.003724890356094838e+05
9.228947879714921498e+01
1.960460024230155395e+06
5.661497874672291800e+06
8.490513458686621107e+01
1.031534086014574044e+06
2.117065103014879060e+04
1.569467781927439501e+05
1.364872867543772794e+06
1.486226627993767895e+07
1.130130511264940019e+01
1.085764776857101358e+07
6.368082490261768689e+05
1.031648294718162788e+03
6.808878855635496663e+00
8.946425989182963967e+07
3.766517460778699070e+07
5.733083799119290447e+00
6.045362498236742255e+01
4.601171427147303916e+02
7.415902932288021781e+06
3.766185351462982595e+07
2.307138457468896675e+01
9.825658878263954676e+00
1.719767872545563579e+08
2.154116782473766245e+06
9.222231167403899133e+06
1.611620771721312543e+06
3.368858470643379842e+05
5.332296885401338841e+03
3.875462874165873975e+07
8.156397339810214362e+03
5.616231198494164646e+07
2.435090521738802548e+06
1.246666382247419533e+05
8.622243188245691359e+06
3.240771220667554066e+06
2.211521486494565615e+05
1.004100333227716270e+06
3.800477218610158161e+04
1.955016622878621990e-01
3.375777709070230947e-02
2.701741038092223927e+06
2.559005345543462317e+06
9.121131465503556654e+06
1.367805500608344182e+01
1.798128381704252156e-03
2.861696608006902970e+05
4.630753792134274263e+05
7.679880168220330030e+06
5.578417642533866456e+05
7.892142263158143933e+00
3.114455082325309515e+08
1.616702641227492165e+02
3.848002409606817498e+00
2.319617493732126334e+00
2.078428420743746301e+02
1.499458338820683770e+06
3.609238158120890730e+05
3.910816482960315955e-03
8.178866136775075458e+06
2.796578883439234287e-04
2.680522282894570380e+07
1.252795022991962668e+02
1.466468557572501944e+06
6.643424847031747550e+07
4.958244973902284168e+06
1.914771455958806723e+07
1.276327125195327215e+07
8.209067767488725798e-02
9.602344615979440334e+01
1.541184737122084982e+02
1.047821055990847349e+08
1.052480225344083272e+06
6.853135549199938774e+06
2.376796040774861351e+07
2.843029089547149724e+01
9.552960490434421226e+05
2.821278021123859566e+06
6.356249060803537532e+02
1.578991371784394141e+05
8.493231078935375988e-01
5.271239895492456640e+01
3.338222510565131870e+03
1.064564588588902205e+08
1.311472770662087584e+01
2.081019115607889136e+06
8.634678242202951014e+07
3.069494019346321002e+05
2.045753459053115454e+06
2.308419105368665478e+05
1.656186070661048219e+07
3.777376843861068778e+01
6.532998650089437698e-01
2.574352529040958154e-02
7.767455561502635246e+05
2.010359331352607906e+07
3.198699531909565394e+03
6.828270830270855640e+01
1.701821255752854794e+07
1.039165732925765403e+07
1.193082655238142991e+02
5.248769610600790009e+06
4.421788707046432793e+07
8.492308775267276566e-01
1.101497470762737095e+07
6.599662003370161678e-02
1.237337717491326388e+06
1.096121919139688835e+07
2.092910085706867510e+06
8.359378362337479551e-01
1.615660793592065107e+06
6.008401454319645296e+01
4.520537992257870734e+06
6.055389317490390688e+07
4.792320866387699851e+01
2.543408591497017187e+04
1.701471736752823368e+07
3.904209106616802514e+07
1.325734320329846069e+07
1.365594405962426663e+03
3.562385287051274219e+00
1.177209719055292254e+02
2.969403536818233505e+07
2.914027478966035233e+03
4.208315658062103282e+00
9.843930633621708060e-01
1.624934998674294949e+08
1.858124122404771158e+06
8.967757506030416152e+02
2.978214763415921240e+01
1.736853103158095473e+04
9.356539129644645378e+06
6.623482248420036740e+03
4.563003429975197811e+00
4.986642723993198274e+02
2.677968771169579402e+07
3.188608937275045086e+06
7.426966471334714992e-01
9.617666421297879253e+01
3.244248966762154549e+07
8.587443004514019318e-01
2.388095957860672058e+01
2.025493509801772016e+05
6.295321324048991585e+00
4.084481712668118067e+06
3.669242413414287847e+06
5.395381014817617688e+04
1.278148245125187561e+07
1.402593819108188988e+01
7.927998499988092362e+00
2.075003789636465535e+07
1.909849954750380263e+01
3.736223731016883161e+06
4.269157811410191655e+07
7.458824932502903948e+02
2.958106021813728148e+04
7.249173885760913836e+05
4.700230820684900135e+07
1.113751593069276772e+06
1.824502341970580816e+07
3.658948838079936650e+01
1.048043578055881895e+06
8.906619396898152307e+06
1.774482945629487559e+07
1.010795896236405866e+01
1.434168382349848747e+06
1.084686720229445200e+03
1.966978195458140690e+05
2.012314241717713699e+07
1.348406625681354431e+06
6.393325985559182009e+05
2.480438127160612112e+03
1.097070189418995234e+01
1.869720643877718658e+01
3.508429753492720238e+01
9.824055033867668360e+06
3.351146482891581013e-01
2.620110900742196536e+05
1.580689090162081122e+08
1.884482504194866121e+07
8.165666084358735010e+06
4.354236993328232318e+07
3.523178815585585877e-01
7.260387171675628082e+00
3.253332382876744494e+06
1.281455334631147247e+00
2.178288453302476846e+05
4.605236016319918563e+05
2.075778757838756761e+01
6.138098645547815977e+02
2.342166835594206932e+05
4.185523304508247389e-01
2.477221238219683528e+03
4.241924301293418466e+03
2.016869493949271686e+01
8.006051184817336034e+05
1.280768648758707513e+03
6.453222395069132559e+06
4.013742416232539412e-02
2.816498480223689112e+05
4.672510017354344018e+04
6.229844758999360353e+07
7.094569101124301553e+07
4.272154483906465572e+01
1.857792369911716960e+05
4.616864773159796000e+07
6.750092673978882658e+02
1.290278594931884868e+02
1.167305029809699732e+02
1.955438628326409683e+07
4.231106739873377265e+00
1.365075060942179152e+04
2.620150637536719174e+00
6.072977922037775755e+01
1.718890541181513071e+08
1.490288657536357846e+02
2.538790642503342032e+07
1.324398461811136076e+04
1.156901579818043935e+01
6.236380459925193520e+01
5.503998609482469968e+06
3.138110283494984287e+02
1.766894860717616975e+07
1.155772307262434438e+07
8.799321560255641816e+05
9.306683645223790081e+05
2.682358055369711947e+05
7.966852953790413494e+01
1.963936771014601365e+07
1.024313417192972082e+02
7.502994493314033662e+02
7.490741829645709515e+01
5.283810142748510092e+07
8.347869817390152321e+02
1.927460559038483234e+00
6.669680444589433074e+07
1.957077485006106201e+02
3.099023265073949005e+05
3.169309784230324440e+06
1.560207725009063445e+07
1.603424151584037463e+05
2.126383198096830629e+00
3.136000960225593671e+07
1.757706994239507381e+00
2.697438202691663989e+01
2.745509367335138062e+00
5.223478607376100769e+01
1.720140342036412656e+07
1.244920448286505721e+00
5.364787660616872599e+05
6.598080978172823787e+06
5.088492984742168337e+05
3.733739074855532802e+00
5.613000989942577945e+01
2.892843202487377822e+07
3.153336302883390090e+04
5.896172710422965465e+05
7.106131085412835391e-02
2.596208658898679573e+02
2.795518328744757921e+07
1.026904507517061569e+07
1.294247881135935523e+07
1.430013419794458523e+07
1.534040610291743875e+08
3.335163045613361464e+04
2.945899337785069365e+06
7.137351270751763880e+07
6.198761962066631764e+06
1.509759116170495690e+04
9.136368471761067631e+05
2.039018434051812440e+07
4.457953609879245050e+06
1.358506882885056082e+06
4.850356364425231881e+00
2.137708285044320888e+01
8.604153145493610064e+05
1.048718299429821599e+02
2.100400037769364303e+02
1.139364717596188420e+06
8.511252607115797582e+04
3.733267126084367078e+02
9.919791693549097289e+00
9.338945565673995763e+06
5.310321515980356373e+06
3.518123239839442107e+01
4.004407879115258311e+02
