3.884623653662001016e+05
6.566310150474783995e+02
7.248092548050019145e+07
3.056260827458546311e+07
3.000769425225614686e+05
3.040636769055955566e+12
1.038655783158951439e+06
2.338736820954418927e+07
2.678347822831657249e+06
1.149273199227464153e+06
1.058697500128153198e+12
1.087889047518582316e+06
3.851233935845912099e+08
2.329915042564256489e+07
2.921198378757299781e+08
5.136811021203905511e+03
4.837449070241802372e+06
1.118829901408234358e+09
8.798385268609426916e+06
6.101766701767049408e+10
6.430690738306519318e+10
3.108044345273339748e+09
1.005384548411467695e+06
6.697241899576030970e+08
3.999242029149318695e+09
7.387539006850259006e+07
7.530553273132838011e+08
1.516141520855435228e+05
3.109716042086218949e+05
4.922555411637433171e+08
6.014392558354791981e+04
2.260169811541059607e+04
9.217557958292500973e+08
4.236749845644853194e+05
1.017401678376655817e+09
1.836087997606652975e+09
7.927458195815687941e+04
1.600403869514671021e+11
1.729022907685890198e+09
7.577196062897097727e+04
1.067298675053941086e+07
6.367131540756799281e+06
3.791291622511026263e+08
6.565655709571718762e+04
4.261081010008462705e+06
2.621323478119192645e+06
5.346259963726205569e+03
6.298919556088284589e+05
3.767163051260947250e+05
1.308546496326927948e+10
7.165570553796009626e+05
4.146339712783183289e+10
6.117960779573878273e+06
2.605722721328852844e+10
2.915526684931050986e+05
6.508661688731768608e+09
1.435226259128319025e+08
8.037418471282506362e+05
7.636268320416720212e+07
1.618727893085809946e+09
3.086318674241011195e+03
6.276757606628149748e+06
2.065937146100087357e+10
4.829964394219273818e+05
8.923321848835039884e+06
3.309322414694658518e+08
1.271450722395578766e+10
1.827716016468837779e+03
1.831464259180826601e+06
3.176466326456461474e+07
5.322419025684327632e+07
9.048819397842054069e+07
1.566824242010882590e+05
6.783887182350230217e+09
3.398669217665202450e+04
1.230056553337709978e+06
7.011590549171618477e+04
5.730675164486787796e+09
3.941130970010843128e+06
7.070856350560605060e+05
6.411180977103517944e+04
9.914073952428288460e+08
2.261187781387058640e+10
1.277369057974138064e+06
3.923557530597441946e+05
2.990095848875126839e+09
1.702684431535927773e+10
9.539406920307423096e+11
1.664696675849665999e+08
1.318921643279963173e+05
1.065158489987782741e+04
6.678455503155448241e+04
1.352871636179563284e+09
1.283181990390051942e+04
4.387599255752184987e+07
2.607608073732649326e+09
2.216099075071769059e+08
4.339983794280490838e+06
2.977487465334233761e+09
3.831402245817797258e+06
2.130727930396304846e+09
4.335633143846526742e+06
4.834011594561018981e+06
2.848498125375059509e+10
2.217423524130991101e+07
9.610472294682610664e+04
1.349405094681625366e+09
8.358195805947255576e+04
6.434697581832288764e+06
5.207050618047261196e+03
1.851299788791615601e+11
1.202423444185271073e+05
4.764876499287757324e+05
5.608619959201470238e+02
4.312166288576643372e+10
2.539219332278582752e+08
2.723984653549410359e+04
2.576056809542448425e+11
9.706786043887998676e+05
5.802764209093381500e+10
1.413084549218772650e+08
6.469453341144180298e+07
1.428196132405684590e+08
7.119681549950629415e+04
6.708373344892730713e+09
3.407194353230472654e+06
5.623461164793089032e+06
4.168107532172840576e+11
2.623041510195130348e+09
6.765815434705795050e+08
1.206936074945691042e+06
7.496481540714618750e+05
4.981019224695106506e+10
3.441217404565790202e+05
3.396571745576655376e+05
2.634414902259237351e+03
3.075078307209606265e+01
2.653894498647778164e+04
5.181927306581422454e+05
7.046732773289834029e+01
3.388215739664689638e+06
1.317386775694541866e+05
9.614985094547986984e+08
1.185849552517520206e+05
2.141591827400011476e+06
1.019838441722963409e+11
3.825339099243473262e+06
5.686331789967532270e+06
3.004801583153043874e+06
1.357040879126310392e+04
1.227643619706747413e+05
1.700573572848547220e+09
5.413246736182661261e+05
5.121283016068628058e+06
2.509255355148113728e+09
6.398561753665554047e+09
1.565745100186924219e+03
2.099786325918151997e+06
9.294604083528975025e+05
1.077837407985147705e+11
2.720886318446049472e+02
6.505030887834656715e+09
6.216760084831616282e+07
1.016560122966336436e+06
1.525063371919655401e+04
1.427715323768552765e+07
1.193622052830553770e+09
2.173411512452346506e+04
1.497179572153337722e+04
9.893434295666082789e+02
1.137251896363054067e+08
1.070854235999848633e+11
4.168507599132635593e+08
1.190737391928703524e+06
4.512715917131505585e+10
2.452409599795871735e+10
1.518044906682016153e+05
2.022957950683216623e+05
1.148125592044917583e+09
1.170989341431216125e+11
2.389529970456261188e+06
1.930708759910600202e+04
5.333761084173725128e+09
5.270235061841696734e+05
1.545927741507094193e+10
2.142929475593477022e+06
3.313816682085906982e+10
2.215754607011959422e+06
3.130204230045658551e+04
2.828797902513074341e+11
4.681100067026099396e+10
6.746222998380056763e+10
9.239654220289258228e+04
8.039749712939980440e+06
5.721736949695420074e+10
9.730657266684580827e+05
3.189899401150312624e+05
1.242139078638032777e+06
4.123080648543551636e+10
6.248153272473381832e+06
1.408226283519924879e+08
5.481960643418831751e+05
4.617405293979969025e+08
1.201198071997355297e+07
4.712819535046615601e+10
5.017215640442881733e+07
1.367346920123504181e+11
6.776075160795421340e+06
1.156450133368500137e+10
1.923318359806468943e+05
3.089319051398466108e+05
4.153080775241210312e+07
9.468525340871082306e+09
8.655522094377744943e+06
6.228273751811948419e+07
1.950001364339439943e+07
1.180628620739387989e+09
1.613893231557355466e+04
5.479165728225244522e+09
1.310338966369879898e+06
1.933006586471586227e+09
5.302351045490044635e+05
1.590145352137311193e+03
5.605943129701674916e+05
1.749970462105512695e+11
3.868604856719536241e+06
6.967942847262340598e+06
4.473458249757774472e+08
4.721321430476010323e+09
8.140674111753210891e+05
8.707105306311132153e+04
3.278908667005271418e+05
3.019821430577152371e+08
8.304153434197164606e+05
2.340571129223536700e+05
3.775464892041912079e+10
1.373182296753067337e+07
1.019100010646053270e+05
3.863161701243803836e+05
7.372350932453658432e+06
3.909701382612542510e+08
7.544073689620438381e+04
1.183999638334792544e+05
1.931861829611292109e+06
2.949805885177930351e+06
7.102751365795804560e+07
6.003057330235766247e+06
1.044016969252178387e+05
1.381960819406299666e+07
2.177622141387127613e+03
3.415640006082498076e+03
1.113309633626241339e+04
1.369428133829192543e+10
1.190101452728578299e+08
5.252395174004136607e+03
6.619029069325558376e+05
5.167540143202678300e+05
1.142460383501866454e+05
2.636747668509742245e+06
3.012127465778775048e+06
1.077383146852790833e+10
1.280322921444572639e+10
1.128025916165589333e+09
1.266618757884869352e+06
1.016008657723350007e+04
3.709972450398052216e+10
2.651998321277400246e+05
2.124338077380094910e+10
1.003327779383170485e+09
3.365841818557626009e+07
3.004522836947535351e+07
3.561020399707207980e+04
2.630440215951974778e+02
1.275888449945241585e+07
2.241735982453179313e+05
8.601181955989111215e+06
8.338722298219687073e+05
3.038475936444490435e+04
3.666085734743919373e+10
2.389558414553233147e+09
1.020129551038373709e+09
1.383918529040689114e+06
2.045757791888914630e+07
1.024254802203317377e+04
5.687200693568701744e+08
2.213544719645821897e+05
1.881941395436600083e+06
1.608376569495505653e+06
8.798456336067617188e+12
2.651154106548319105e+06
3.426434328800035445e+01
1.682336696022406395e+05
1.844353017910672133e+04
6.504720912008456230e+09
5.393519486743134912e+05
9.805525543763551468e+03
6.703962855912945271e+08
8.760169309200384521e+11
1.332878487806591034e+10
4.661250296458972152e+05
5.226261877811502218e+08
1.125459884398351191e+06
7.294370789025080390e+06
9.343897817578236342e+00
1.156189841771310382e+07
3.720184697177078924e+05
1.838397533543179321e+11
4.582515171388714407e+03
4.655428823006307357e+04
2.393195326183918381e+10
1.229657921180484891e+03
8.162457801448441751e+04
7.266479867100450210e+06
4.693221202934050234e+04
7.521770890165965557e+08
7.496830262366696167e+10
7.465417544451268196e+09
1.136192056619145020e+12
9.920411674324614927e+06
2.618046742048423290e+09
1.183098023274270119e+06
6.627981582023671150e+09
2.132207695298536682e+10
1.345418469947622681e+10
1.413438858806018019e+06
3.349946320686605945e+07
5.981906260352442265e+08
3.068502272963760421e+07
6.037912726471028328e+08
4.850440177366153512e+04
1.685449778583762050e+07
2.873102711843327284e+08
5.111741924065729380e+08
8.482368006868591309e+09
3.001236889913485851e+06
8.795810493335428834e+07
3.719343370764598846e+10
4.746475283656348474e+06
1.434250505257726312e+08
1.335044845223603304e+06
2.008027687602059326e+11
1.366042804766915530e+01
3.998872271982126404e+05
3.186863251176610962e+07
1.245385138523136377e+09
2.038695618627148797e+05
1.799493483331400668e+06
9.159215709171743691e+07
8.869061396234174026e+05
9.413627385614996776e+06
1.169756749333280140e+03
9.771662858160934411e+04
2.159010522864777565e+09
2.850570493621427100e+06
6.822078527882215118e+10
2.217201555898508232e+05
7.936202350766570307e+05
3.115870472645365524e+10
2.433858707362649147e+04
2.136055332386161387e+07
4.781600506801631927e+10
4.238144677847624969e+10
7.230839990215379657e+03
5.448570522699406371e+06
7.822921917720914644e+04
2.328996731273269281e+06
5.126230232462235726e+06
1.982744185585385895e+10
4.070638347554185867e+09
5.985586982035225586e+12
1.112763195678404538e+00
5.997999447179753361e+02
1.790858175109833828e+05
1.992723155912365299e+06
3.195982295214273408e+07
5.371417130448620021e+07
2.310419011795122623e+09
1.617805169085034686e+04
1.736077861023084074e+07
4.902400095006731153e+07
2.009543409690239059e+05
9.241641108167259954e+05
3.829092867606844287e+06
2.333493991297725588e+07
2.765201063039223671e+09
9.837644938277022447e+04
1.187468201080976295e+10
1.086767417617704632e+04
4.100555085246712494e+10
4.443525546945510541e+03
5.206083377801269307e+01
1.159209652172803802e+11
4.280681223728650366e+04
1.809689505157038879e+10
8.159781096127167111e+05
3.793226907689229585e+06
5.048635810906508636e+10
4.682163638168368489e+07
4.807517771402194351e+07
9.442074530728025362e+06
8.501637811134375572e+09
4.179848272807131056e+06
1.396423734429571629e+08
3.276081022603576639e+04
9.691048035765564442e+08
4.306073664580674469e+07
1.936316117879070044e+08
3.639280703005846590e+04
2.511783942782446370e+07
1.430025594445084929e+08
4.519495486965245056e+10
4.879959391768506050e+09
9.177605691708869934e+08
6.814823759304540232e+06
1.532166772825981898e+05
2.577064846670660019e+10
1.946251436600020599e+10
1.363299116205390549e+10
6.907953636287433328e+05
4.058072195061832428e+10
9.761551979640441015e+06
4.693820649110690574e+05
3.760761639074295521e+09
5.665615085978173011e+04
8.917956495096828938e+08
1.142070609044178772e+10
8.108090094522082520e+10
3.745189892160166168e+10
1.937640761626633466e+05
6.645367690758424997e+08
3.090734777867206372e+06
4.446611118796460796e+05
1.052506601268021041e+05
7.651240967210841179e+09
2.982703403113429070e+09
1.196218356208618408e+12
8.368743835991600122e+01
3.628218409144817293e+07
4.230168142488251495e+10
6.269123630406161547e+08
4.255761872638891800e+05
2.043528698365014954e+11
5.911580230499614030e+06
6.117148819087236916e+04
4.188034886839392129e+03
8.261408537807228044e+06
8.672178787350003719e+08
4.992935388740776107e+06
3.197737966717562173e+06
2.682037152247831970e+07
4.043651863719749730e+06
1.158692749240289049e+04
5.234600859097782522e+05
3.451216763135695648e+10
2.402973901974290202e+05
9.361496175759181213e+10
2.567504330391721344e+10
1.401330701818961716e+10
1.073992512260716176e+06
1.385990065321402624e+07
4.665210559371940613e+10
2.055799797848106384e+10
6.824028280065876606e+04
6.097060917438308716e+09
4.094850117406480408e+10
4.921429304725958252e+11
3.927322926295715332e+10
7.464212908505201721e+10
9.503038227112932364e+05
2.083049949554150179e+07
1.116765104680842161e+09
6.885302959523801692e+06
3.673899658499538898e+06
3.770655368349572266e+12
1.406876276515340042e+10
2.297146735181367188e+11
6.874941613095169887e+05
1.692966249345185041e+09
2.102856730262840576e+11
1.432558586412850916e+08
6.787960755028956337e+05
2.403884755751127243e+09
6.605214334594655083e+05
6.737803831499960506e+05
2.822394777348262310e+09
6.969387775685784407e+06
5.037151658474575043e+10
1.501718234778320976e+07
1.134024201636937505e+04
7.455680838086298536e+03
1.293742446611128747e+06
4.418064886265417933e+07
9.323923249363810100e+03
5.915023883951655775e+07
2.426425205446703785e+03
3.175774971067945957e+08
8.844811740576824173e+06
1.204444483715232054e+05
1.139199899018939362e+11
8.154066323886789322e+09
