9.448296074628664553e+07
1.977716435586847638e+03
1.968065914570748873e+03
2.349569154012193030e+05
3.724557479330186993e+02
1.122460792183657140e+08
9.347434746242631718e+02
1.327407798527843852e+03
7.694382598976195732e+04
1.679377889749584710e+03
1.385402839580515027e+07
3.293450751997665520e+03
1.029841160365937185e+03
1.199381885416379757e+07
8.233161047988215842e+02
2.411518248291554928e+09
4.146352783812384587e+03
1.543760322602262249e+03
1.902874904402085766e+07
4.207537925538945794e+08
1.557173844893070459e+09
4.273485525713089714e+02
4.545551514594762027e+07
5.374134367247345381e+02
5.125817928277733736e+06
2.331557088924037665e+07
1.895492113767445087e+08
2.802167056934790611e+09
2.851132195020330073e+03
2.301308694653201699e+08
2.734776306621779442e+09
4.757267494977260185e+02
7.763571675105094910e+09
4.422948505809732467e+01
3.513341865936145496e+03
2.205801554209871392e+04
5.269980057793755986e+04
4.306259859520328348e+01
5.946860849192587921e+04
8.933541497205882251e+02
2.987771070877889633e+09
7.224882318540575027e+09
4.592070703243892789e+08
9.123876424296728510e+04
1.302992823688110262e+08
4.238336385164326202e+03
1.144033854849848103e+04
2.766030044666445255e+08
3.229136841534995739e+01
1.608643231287806520e+04
7.158025981963270112e+00
1.542754039057484306e+03
1.883458561651347281e+03
1.456926180682484961e+01
8.827225411972003349e+04
5.956669226702831111e+03
8.114136876631366704e+02
8.255685382021845318e+06
3.678065170606015921e+08
1.488226682205484807e+07
1.484666008206888821e-01
4.470361254086452536e+06
4.850495628767302151e+03
3.086120268094756603e+09
2.962832546448335415e+04
9.376815462239070484e+02
9.120641423429424763e+08
2.749788665114885134e+03
1.570102242061126709e+09
1.857240896998077915e+03
5.460577920241072434e+02
6.567123327073360269e+04
9.599169227837753296e+07
7.184162468738717726e+05
5.850860839811344931e+02
1.055179860897561957e+04
1.928760976326166987e+08
9.579468943831751822e+05
1.669240336597655842e+05
2.924200342333864167e-01
2.069553831628502655e+10
7.638462924400583915e+02
1.018651886733160782e+10
1.181717227748768963e+07
5.458326010305783898e+07
2.191039007611927986e+08
1.178271455645411491e+10
6.396623948333442956e+07
1.924677894279871508e+07
4.979434720594924875e+06
1.795023708642148413e+05
1.384532001383176521e+03
2.324165366683092770e+01
7.403153181900059280e+04
8.529721118594988823e+09
1.677402084373718535e+05
3.483864176817744374e+08
2.664563096591904105e+04
7.787008625165714025e+08
3.666927614218992647e+06
5.824797165583007050e+10
3.016942295180859044e+06
1.872468603710416573e+04
1.889964043127900004e+04
3.355427451783632115e+07
2.906591062269010945e+04
1.406067251948322296e+10
3.368299161202828884e+08
1.451991366403525174e+08
6.371719344269334525e+07
4.021151939174826566e+03
9.270307877847331762e+08
3.084442567399992943e+09
1.196057421709172195e+05
1.221219765415722122e+03
2.357191126996881212e+04
5.375689455119016930e+04
1.191921732116646133e+07
8.760249675331288576e+08
1.691030945611339121e+04
2.518859912272656709e+07
1.255845487218491793e+09
7.410826284481312541e+03
1.416461561638581038e+09
6.881136703913934529e+06
1.245368028776412010e+09
7.849254151806196198e+06
4.275672233816299438e+10
9.272932123008971757e+03
3.291443876713603458e+03
5.613508655780497007e+06
1.880800878029965162e+08
2.579948803559912903e+03
2.744290172305721283e+09
9.998028785142880224e+04
1.105299788894368336e+06
1.416513530644286220e+04
4.627367175656299293e+07
1.660725843298405557e+00
9.582560233672815561e+07
1.312729318257880550e+04
6.055486283686824143e+07
2.156068268617979265e+04
7.864415478600541115e+09
3.161193492027899538e+03
1.037941769253159501e+07
3.973271280300233047e+04
4.949843877598800659e+09
1.155752207489307213e+10
2.183874589253986254e+07
2.273933269954710826e+07
2.674644696768935319e+03
2.598074298400204096e+00
4.171008694728525370e+02
1.997069892173461383e+06
5.796070882380637169e+09
2.576795959637344140e+02
1.047986630560718593e+06
3.792385954878219678e+01
5.677295114131557941e+08
6.572949597685383924e+04
1.758168325486648679e+08
3.435274370200659177e+04
1.836775863559343270e+05
2.558768227130168118e+06
1.155566004373352509e+06
5.293250613680683309e+05
7.504949869308096822e+04
9.951828404763143539e+09
1.105166175110249924e+03
6.286903712867353534e+03
2.118376964202142507e+07
6.036365785566411167e+07
1.671124764394351840e+08
7.066188059561359882e+07
7.081046990531709790e+07
4.128436397843080158e+03
5.344931284274253994e+07
1.032403835273167817e+06
4.317367321452684700e+05
2.887583414649271965e+09
1.490032836261980410e+05
2.549130766575984453e+01
1.328119455138547346e+07
8.138293466474656270e+03
2.114562446304097176e+09
2.249343869524019283e+03
4.900380004768162966e+08
5.020866167602613568e+07
1.339965759311114546e+01
2.050835356234126448e+04
1.743678202975585759e+08
4.650400019158511162e+08
3.188721216694122631e+04
1.713499390471904278e+09
9.302000953595868850e+03
3.554041627109516412e+04
1.631054881703265528e+04
4.440420050120303780e+07
7.945641797046291828e+08
4.714936214068349004e+08
4.805806137774618946e+03
1.876250317654621085e+03
4.025895312109037860e+01
5.628824292481467637e+03
2.105487694037069753e+07
3.782280178565343857e+09
2.280783051373153925e+08
2.288765344594023514e+10
7.875641681133086422e+03
5.699221192048974037e+09
3.884467454912513494e+05
6.431998360033789140e+03
8.556513200955003413e+03
6.705553822265763984e+02
4.055009758272979525e+04
6.132225904512209818e+06
4.400328266885417605e+01
1.896043460161786675e+08
2.091086625701479340e+10
1.045752242094266194e+03
1.015343397406350732e+09
3.937420555176606285e+04
1.413482867384668862e+04
5.816218994903296107e+02
1.602050947245094903e+03
1.825001736727964017e+05
4.784166900274928594e+03
3.428770556330229010e+04
1.155692621337564958e+02
3.261884911106842570e+06
4.824445317982580309e+04
6.275489589982648849e+09
2.153256698450797194e+04
3.838369561211876317e+03
3.210179920276372433e+08
2.121672620995565012e+04
1.776060033773350597e+03
3.130137900563819130e+03
4.034726993557737470e+08
7.148585820839782173e+03
1.165518895490030766e+09
2.746069528363785253e+02
3.892909936423795443e+04
4.553578891482517868e+07
3.582766056553072929e+09
6.190902224005801600e+02
4.216452817691191435e+08
2.398693616280613422e+09
9.902961209182592109e+06
3.225640023365728126e+01
7.396397070346512794e+08
5.934564802918809652e+08
3.312304020597968578e+09
1.026149792652518272e+03
4.972313249689000659e+06
5.730495771940475097e+05
7.285770917585407257e+09
2.018074655632020153e+01
9.812609606994062688e+02
1.993217601819493294e+09
1.032268130569719791e+09
1.572961516709019840e+08
1.018636891693564830e+05
3.426507568303993594e+03
2.248844843981886243e+03
1.372775364749017656e+08
1.179622243305077245e+04
7.045707480560800992e+06
1.609245302102950700e+04
7.625282173933891952e+07
1.582124507467352714e+03
1.839025981628385186e+07
1.667721983351012113e+03
6.563718605502096415e+08
3.865995183827455521e+09
1.898952757452131550e+02
2.958521715937822009e+05
3.907143985190235203e+00
8.479263756811371422e+04
5.569914393183479842e+04
2.080885013840796091e+04
5.242400512088762298e+03
9.090748278089226005e+03
5.092439509901562333e+07
1.553740730518845215e+11
1.492197413508792852e+04
1.752539784478344768e+07
1.374277399308156967e+07
9.474851195768336952e+07
2.583800734665628523e+07
4.340858314557634294e+07
1.423864840453127921e+08
2.242511364669819159e+03
3.381588303598309755e+08
1.490949541176699131e+04
1.073157907040521979e+09
1.355480563583667208e+04
1.131912175925046085e+03
8.010434693407997031e+01
3.319817921240522385e+09
1.203004318356671092e+03
3.238337435376225039e+04
2.030873278867871340e+04
2.919368534347306195e+03
1.531775800023669581e+04
2.648277443704769135e+09
7.765877146763321877e+09
8.937141336485090852e+07
1.606127639025890130e+04
7.916461601076007355e+03
1.939020693982320372e+06
2.749215400875177234e+07
1.704164715117739433e+03
2.938580399447470531e+07
9.354332381741517782e+07
7.322395489481108962e+04
6.718600144589246251e+06
1.895657951709118497e+05
4.246510546476645977e+05
1.974205139114791527e+07
5.543066973814742232e+04
3.259656392409522086e+05
1.959478024779551315e+10
9.781629745423367422e+04
1.150118223016760366e+00
2.603547884349269680e+03
1.147975451843464270e+03
3.506675879637014866e+07
2.891023306467214972e+07
2.175864781635737717e+08
1.271373467223422766e+09
8.054478418910931796e+05
1.412820852409222461e+01
3.243819089153313160e+09
1.543815157284872048e+07
1.791672294627428651e+08
1.061815238186002672e+08
1.455050580441768716e+03
2.411240807970412076e+08
1.745900226504028251e+04
2.251753479461310208e+08
2.837082759115872905e+07
1.098873050372272730e+06
3.575818438121944837e+03
6.827460799105180740e+09
1.977472827432845079e+05
2.178432828747739404e+04
1.126341148728179932e+09
1.217635799001569694e+03
2.852765007280426798e+05
1.516482415905093849e+08
1.427207693136668786e+04
1.874304396894506397e-01
2.413461307010032897e+01
5.353471560094841123e+08
1.377504231649495196e+06
3.860177813747000982e+03
7.161625059275396634e+05
2.110466442492477596e+06
1.893398907685061395e+08
1.728124230976460385e+05
3.210897153289805412e+09
1.253544003818177771e+04
1.251821186535111427e+09
2.113504317873581314e+10
3.181633878406081521e+02
4.708044937938849926e+08
3.517032111766550064e+09
2.460578725892044306e+08
2.802172046832398701e+04
9.886930502728054523e+08
1.327676796206872859e+04
5.864999457920646364e+02
2.382763973412913799e+09
1.040076426658359414e+05
4.050167827437608719e+09
9.020824822137877845e+02
5.055971119045776732e+02
1.082621348262327351e+07
2.335087892432002832e+02
5.461249405522060130e+01
7.497972921727176290e+05
1.504091986197720468e+07
7.495055408246072769e+09
1.390673981913203597e+08
1.545450877384113614e+06
1.104316811698682983e+02
4.909398326177313720e+03
2.038618052750415518e+05
1.171929314649642818e+07
6.083204004996483718e+02
1.090646579860054731e+09
3.285889837776328251e+07
2.580559123300941661e+06
5.038799581021850109e+08
4.567094243933126926e+08
1.924540818640703947e+04
3.463812145451373458e+08
1.283941488568250388e+08
8.888807368309491873e+08
9.802491671778276443e+09
6.628440993330048769e+00
2.340685737371819019e+08
1.341470962515575439e+08
3.231695310906691551e+09
3.310071306006598170e+05
1.049555448808159781e+04
1.196312305680981226e+05
1.760082626066634015e+00
1.938635766058446094e+07
3.484164659315551980e+05
6.747946497303387332e+03
1.380378377939193535e+10
1.575224446227858380e+03
2.313009737181501805e+03
2.988118172122801542e+08
1.288386616141257763e+09
8.895063164756018068e+02
1.142715381685311317e+09
9.957846696877539216e+03
5.221489984330330044e+06
4.279578318628883839e+09
9.957530053879581101e+04
1.343314887321578572e+05
2.905288552611878514e+07
2.689667817120193405e+01
6.804103460900876999e+09
2.856261952045402527e+10
1.140250492156500877e+04
1.565035241237596035e+09
4.983771932945940353e+04
1.284669473471543370e+03
2.347866648765306309e+04
1.283295579847181511e+10
1.554554938769441833e+03
4.289038951839418709e+07
2.107034181755382919e+10
4.159865316852157936e+06
1.668989847654790708e+02
2.579802580223622266e+06
1.812108263550604503e+00
1.279073292021462768e+08
4.461765806071725251e+02
9.303159653263383865e+09
2.375419270879001543e+07
7.254374393895236608e+03
1.567098693794511724e+06
8.021327370460887905e+05
2.840791316761630535e+09
1.690903641972697735e+09
2.104622447217728570e+07
1.593564025112499621e+03
1.557577282891071809e+05
6.370233029504333623e+06
1.202282353235063516e+07
8.353546404042895883e+05
9.614954144698219001e+07
1.951995351758896713e-01
8.672087353726212314e+03
3.894630902096378122e+02
8.932033826836120127e+00
7.408011557743198864e+03
3.119040472253113054e+06
2.998089758818750381e+08
1.096233989751203990e+04
5.721495107842532396e+08
1.626681253521663094e+10
2.243511549840811131e+04
2.996488286306255759e+03
1.604854658248952182e+04
2.191772701940530624e+03
1.708564791193759811e+04
6.553417593511151150e+06
5.013155508070006363e+03
2.524385361271822739e+10
2.292696219113649428e+07
9.761925746914956570e+08
1.552294784573872164e+02
1.264370411783372461e+01
1.365546164051553607e+08
9.028053461737454199e+02
5.962963536947590113e+07
8.724514936097258329e+07
9.348868600750056430e+03
4.462503035274380684e+09
5.486349586284138262e+06
1.943291719061113298e+08
1.719641019633631408e+08
3.109456063647629693e+07
3.904959577715731029e+03
2.819355946026934845e+01
7.838871638672721386e+07
1.107051312868188688e+04
4.952320806780602038e+07
1.501557959147706032e+08
2.921546345921402099e+05
2.332084317066094457e+02
1.090662746764240728e+04
3.451973488134284038e+06
