-1.189931556582450867e-01
-5.814030766487121582e-02
-1.180335134267807007e-01
-3.739489987492561340e-02
-1.232077926397323608e-01
-1.227859109640121460e-01
-1.252503544092178345e-01
-5.411800742149353027e-02
-5.041914060711860657e-02
-8.311040699481964111e-02
-1.228060759603977203e-02
-9.380095452070236206e-02
9.327379614114761353e-02
-8.898212760686874390e-02
-1.581179350614547729e-02
-1.970242112874984741e-01
-1.050758138298988342e-01
-1.320865601301193237e-01
-7.870632410049438477e-02
-2.207113355398178101e-01
-6.798820197582244873e-02
-8.629785478115081787e-02
-4.550871625542640686e-02
-8.955319225788116455e-02
-1.866116076707839966e-01
-1.874068379402160645e-01
-2.390083670616149902e-01
-3.179254010319709778e-02
-3.674969822168350220e-02
-1.022777482867240906e-01
-1.380185633897781372e-01
-8.922389894723892212e-02
-4.889576137065887451e-02
-7.009365409612655640e-02
-7.079119235277175903e-02
-1.216263175010681152e-01
-6.821715086698532104e-02
2.159931138157844543e-02
-6.286340206861495972e-02
-7.771890610456466675e-02
-1.200487539172172546e-01
1.173514593392610550e-02
-6.847777962684631348e-02
-8.457858860492706299e-02
1.012280434370040894e-01
-7.885688543319702148e-02
-7.622560113668441772e-02
-3.934714186470955610e-06
1.486712833866477013e-03
-1.630624532699584961e-01
-1.383053809404373169e-01
-1.547099370509386063e-02
-5.621773377060890198e-02
-1.715020388364791870e-01
-1.139970570802688599e-01
-4.214076697826385498e-02
-2.973137199878692627e-01
-5.930488184094429016e-02
-1.263693720102310181e-01
-1.034611910581588745e-01
3.853660076856613159e-02
-7.408962398767471313e-02
-4.771912470459938049e-02
-1.054913774132728577e-01
-7.317872345447540283e-02
-1.210820674896240234e-02
2.495230920612812042e-02
-7.170930504798889160e-02
-2.091838419437408447e-01
5.798589065670967102e-02
-7.135415822267532349e-02
7.181311957538127899e-03
-6.807597726583480835e-02
-4.030911996960639954e-02
-1.680063903331756592e-01
-1.130538806319236755e-01
-7.420639693737030029e-02
-1.843475699424743652e-01
-8.245276659727096558e-02
-8.167044073343276978e-02
-8.094274252653121948e-02
-2.482005506753921509e-01
-9.259659796953201294e-02
-4.649019241333007812e-02
-5.842136591672897339e-02
-8.475276827812194824e-02
-2.090731561183929443e-01
-7.164766639471054077e-02
-9.636834263801574707e-02
-1.620068103075027466e-01
6.480661034584045410e-02
-1.168441120535135269e-02
-1.665862500667572021e-01
-1.475856751203536987e-01
2.791128354147076607e-03
-2.691089361906051636e-02
-1.828126013278961182e-01
-1.509424149990081787e-01
-1.644548773765563965e-02
9.384256601333618164e-02
-9.489294886589050293e-02
-8.607541024684906006e-02
-2.842823602259159088e-02
-7.886677980422973633e-02
-1.627878397703170776e-01
-1.187537387013435364e-01
-5.461867526173591614e-02
-6.603894382715225220e-02
-7.591731846332550049e-02
-3.759553655982017517e-02
-1.736461222171783447e-01
4.875207692384719849e-02
-8.451329171657562256e-02
-1.043280139565467834e-01
-1.688824594020843506e-01
-4.709339514374732971e-02
-5.444632098078727722e-02
-1.218454390764236450e-01
-1.795919425785541534e-02
-4.869379848241806030e-02
-8.525391668081283569e-02
-2.284509390592575073e-01
5.858153454028069973e-04
-1.368539631366729736e-01
-8.326138556003570557e-02
-5.071059986948966980e-02
-4.760434851050376892e-02
-1.617794036865234375e-01
-2.320114225149154663e-01
-1.718185027129948139e-03
6.698255985975265503e-02
-1.425393223762512207e-01
-8.556267619132995605e-02
-1.570427417755126953e-01
-6.529779732227325439e-02
-7.747403532266616821e-02
-3.631814196705818176e-02
-1.140199303627014160e-01
-4.594015330076217651e-02
-1.133149415254592896e-01
2.520127920433878899e-03
-2.170643806457519531e-01
-1.401960402727127075e-01
1.740624755620956421e-01
-4.370105266571044922e-02
-8.910033106803894043e-02
-1.207664981484413147e-01
-2.306552678346633911e-01
-6.794257462024688721e-02
-5.801558494567871094e-02
-1.335912942886352539e-01
-1.034711673855781555e-01
-7.759075611829757690e-02
-1.091677322983741760e-01
-9.764998406171798706e-02
7.940857112407684326e-02
-1.314667705446481705e-02
-6.535483151674270630e-02
-8.025306463241577148e-02
-9.360874444246292114e-02
-1.724949032068252563e-01
-9.658008068799972534e-02
-2.196183502674102783e-01
-1.145140826702117920e-01
-6.920982897281646729e-02
-3.501176461577415466e-02
-9.748678654432296753e-02
-1.535039842128753662e-01
-1.078121438622474670e-01
-1.595662534236907959e-01
7.505473680794239044e-03
-3.194339945912361145e-02
-1.071822345256805420e-01
-2.437064200639724731e-01
-1.133318915963172913e-01
-1.155438423156738281e-01
-7.750277221202850342e-02
-1.753798723220825195e-01
-3.008314073085784912e-01
-1.338100731372833252e-01
-1.169034317135810852e-01
-2.720715291798114777e-02
-2.006735056638717651e-01
-1.272233873605728149e-01
-8.699715137481689453e-02
-1.269995421171188354e-01
-1.045423448085784912e-01
9.906018152832984924e-03
-1.194733902812004089e-01
-1.276548504829406738e-01
-8.354884386062622070e-02
-1.120124533772468567e-01
-1.615866571664810181e-01
2.974320016801357269e-02
-1.323644816875457764e-01
-1.186439096927642822e-01
-1.081830859184265137e-01
-1.550425440073013306e-01
-6.377930194139480591e-02
-1.803394258022308350e-01
-8.926784992218017578e-02
-5.528384819626808167e-02
-1.233440265059471130e-01
-1.093716993927955627e-01
-1.091522872447967529e-01
-8.592256158590316772e-02
-1.333218216896057129e-01
-9.365818463265895844e-03
-9.077277779579162598e-02
3.684195131063461304e-02
-5.319543555378913879e-02
-7.523212581872940063e-02
-1.239946782588958740e-01
-1.405365318059921265e-01
-3.742319345474243164e-02
-1.051030457019805908e-01
-1.133852917701005936e-02
-4.742120578885078430e-02
-5.984263122081756592e-02
-8.116686344146728516e-02
2.432696521282196045e-03
-1.063659340143203735e-01
-9.503377228975296021e-02
-8.832354098558425903e-02
-4.564669448882341385e-03
-1.667582243680953979e-01
-1.315734535455703735e-01
-4.835232719779014587e-02
8.144740760326385498e-02
-8.171322941780090332e-02
-1.545833945274353027e-01
-2.872341871261596680e-01
-1.711809337139129639e-01
-1.028843298554420471e-01
-1.634490638971328735e-01
-1.147151812911033630e-01
-1.129250377416610718e-01
-7.545263320207595825e-02
-8.123514801263809204e-02
-7.819060236215591431e-02
-1.689947210252285004e-02
-9.764373302459716797e-02
-7.086515426635742188e-02
-1.440830528736114502e-01
-2.579855024814605713e-01
-1.512612998485565186e-01
-1.210000272840261459e-02
-3.494658321142196655e-02
-1.143543869256973267e-01
-2.378588318824768066e-01
-3.151223063468933105e-02
-5.930572375655174255e-02
-5.439582839608192444e-02
-1.571457982063293457e-01
-9.191019088029861450e-02
-1.204824522137641907e-01
1.606819219887256622e-02
-1.417536661028862000e-02
-4.379672929644584656e-02
-1.701613068580627441e-01
3.649808000773191452e-03
-1.663443297147750854e-01
-1.241342872381210327e-01
-1.364582329988479614e-01
5.691764503717422485e-02
-5.935027450323104858e-02
-9.059618413448333740e-02
-9.343907237052917480e-02
-3.848932683467864990e-02
-9.940773248672485352e-02
-7.203752547502517700e-02
-1.343130022287368774e-01
-1.639442741870880127e-01
-1.337031573057174683e-01
-5.666972324252128601e-02
-2.917823940515518188e-02
-1.002200022339820862e-01
-4.265146702527999878e-02
-2.888153120875358582e-02
-1.011432558298110962e-01
2.775823883712291718e-02
-3.431585431098937988e-02
-7.302691042423248291e-02
-1.503745615482330322e-01
-9.655971825122833252e-02
-2.443959005177021027e-02
-1.521811336278915405e-01
1.323055773973464966e-01
-1.227237880229949951e-01
1.090778969228267670e-02
-1.055634543299674988e-01
-1.310796737670898438e-01
-7.497780770063400269e-02
-5.585297942161560059e-02
-8.844744414091110229e-03
-1.361463218927383423e-01
-2.069729268550872803e-01
-6.072703003883361816e-02
2.481174096465110779e-02
-1.427897661924362183e-01
-5.908582732081413269e-02
-7.249855250120162964e-02
-9.643044322729110718e-02
-1.005151271820068359e-01
-6.806851178407669067e-02
-2.258877009153366089e-01
-6.969694048166275024e-02
-1.228610798716545105e-01
-5.494363605976104736e-02
8.283875137567520142e-02
-5.899842455983161926e-02
-9.151580929756164551e-02
8.856801688671112061e-02
-4.127232730388641357e-02
2.857716940343379974e-02
-1.691875159740447998e-01
-5.370059236884117126e-02
-8.719883114099502563e-02
-2.405216544866561890e-02
-1.034200862050056458e-01
-7.865405827760696411e-02
-8.074641972780227661e-02
-1.038710922002792358e-01
-1.904751956462860107e-01
-8.051395416259765625e-02
-4.779674485325813293e-02
-2.337747067213058472e-02
-1.871072351932525635e-01
1.284780949354171753e-01
-6.030548363924026489e-02
-6.367043405771255493e-02
-1.203253567218780518e-01
-2.971056289970874786e-02
-1.125802248716354370e-01
-1.264242529869079590e-01
-5.337293446063995361e-02
-4.963226988911628723e-02
-1.793360859155654907e-01
-3.675490990281105042e-02
-1.261362433433532715e-01
-5.607737600803375244e-02
-9.980197250843048096e-02
-3.584262356162071228e-02
-7.601525634527206421e-02
-4.482413455843925476e-02
-1.936333328485488892e-01
-9.772481769323348999e-02
-9.265508502721786499e-02
-3.978062793612480164e-02
-1.369029134511947632e-01
-8.277299255132675171e-02
-2.163562923669815063e-01
-2.311090975999832153e-01
-1.256149858236312866e-01
-2.834205143153667450e-02
-1.247070208191871643e-01
-1.080800965428352356e-01
1.541096530854701996e-02
-9.591701626777648926e-02
-1.698637604713439941e-01
-1.365736722946166992e-01
-8.693969994783401489e-02
-1.357397586107254028e-01
-1.809589564800262451e-02
-1.365703344345092773e-01
-9.437185525894165039e-02
-4.233492538332939148e-02
-9.774760156869888306e-02
-4.176999256014823914e-02
-1.198048070073127747e-01
-2.351640909910202026e-02
-8.867564797401428223e-02
-1.339392215013504028e-01
-1.367175281047821045e-01
-1.939559131860733032e-01
-1.666856929659843445e-02
-5.655793100595474243e-02
-2.453022599220275879e-01
-1.879468001425266266e-02
-6.497142463922500610e-02
-2.070658057928085327e-01
-4.753887280821800232e-02
-1.180383116006851196e-01
1.125825848430395126e-02
-3.102502971887588501e-02
-1.589261740446090698e-01
-2.154434919357299805e-01
-2.795699611306190491e-02
-6.766543537378311157e-02
2.301415428519248962e-02
-6.477884203195571899e-02
-4.933254793286323547e-02
2.668968960642814636e-02
-1.202784627676010132e-01
-7.979026995599269867e-03
-1.777083985507488251e-02
2.350056171417236328e-02
-1.164482012391090393e-01
-1.086169481277465820e-01
-6.123407557606697083e-02
-1.284923851490020752e-01
6.493236124515533447e-02
-1.012080386281013489e-01
-1.661585271358489990e-01
-8.552861213684082031e-02
-1.281199455261230469e-01
-1.124873086810112000e-01
-1.204016432166099548e-01
-1.791331321001052856e-01
4.638541862368583679e-02
-1.630462706089019775e-01
-1.485932767391204834e-01
-3.615593910217285156e-02
-6.313394010066986084e-02
-9.644986689090728760e-02
-4.247296974062919617e-02
-1.267184764146804810e-01
-1.061422377824783325e-01
-6.784628331661224365e-02
4.910860210657119751e-03
-9.374480694532394409e-02
-1.037311553955078125e-01
-4.216936603188514709e-02
-1.136583313345909119e-01
-1.301374435424804688e-01
-4.095751047134399414e-02
-5.324985831975936890e-02
-5.962357297539710999e-02
-1.494130641222000122e-01
-7.311490178108215332e-02
-1.787083297967910767e-01
-2.348914593458175659e-01
-1.559103131294250488e-01
-1.575445234775543213e-01
-1.724646091461181641e-01
-9.100965410470962524e-02
-5.642361566424369812e-02
-1.076823621988296509e-01
-1.252042651176452637e-01
-9.741682559251785278e-02
-6.881454586982727051e-02
-1.080948337912559509e-01
-7.003712654113769531e-02
-1.830157637596130371e-02
-7.267036288976669312e-02
-4.858921840786933899e-02
-5.201250314712524414e-02
-7.403266429901123047e-02
-6.207633018493652344e-02
3.902294486761093140e-02
-5.613336712121963501e-02
-8.064499497413635254e-02
-2.009215503931045532e-01
-2.623198553919792175e-02
-3.421280160546302795e-02
-8.675538003444671631e-02
-4.174431413412094116e-02
-7.322289794683456421e-02
-1.567732393741607666e-01
-1.281670182943344116e-01
1.261236798018217087e-02
-2.140668593347072601e-02
-2.826323546469211578e-02
-5.079640075564384460e-02
-8.052363991737365723e-02
-9.036415815353393555e-02
-5.771147832274436951e-02
-1.381819546222686768e-01
-2.282195538282394409e-01
-8.661395311355590820e-02
-9.919272363185882568e-02
-2.385863661766052246e-01
-4.757537320256233215e-02
-3.610934689640998840e-02
-2.242163754999637604e-02
-2.049763649702072144e-01
-1.109814047813415527e-01
-1.442695260047912598e-01
-3.560430556535720825e-02
-6.741954386234283447e-02
-1.390260159969329834e-01
-1.797496378421783447e-01
-2.852292917668819427e-02
-9.591672569513320923e-02
-5.124643445014953613e-02
-7.290473580360412598e-02
-3.256022557616233826e-02
-6.546786427497863770e-02
-6.434817612171173096e-02
-5.277156457304954529e-02
-6.947237998247146606e-02
-7.150824368000030518e-02
-4.957237467169761658e-02
-1.451087892055511475e-01
-5.601710826158523560e-02
-1.834570020437240601e-01
-1.132888719439506531e-01
4.676218610256910324e-03
-8.545603603124618530e-02
-1.487049758434295654e-01
