3.406727552413940430e+00 1.944833636283874512e+00
7.885780334472656250e-01 1.290910243988037109e+00
3.367308139801025391e+00 4.212103366851806641e+00
2.924436330795288086e+00 2.685730457305908203e+00
3.224228858947753906e+00 2.176282882690429688e+00
1.734572887420654297e+00 8.052355051040649414e-01
2.588285684585571289e+00 6.795058250427246094e-01
6.821898221969604492e-01 3.511179447174072266e+00
3.527276515960693359e+00 3.763839244842529297e+00
1.047074079513549805e+00 1.721575617790222168e+00
-1.568071842193603516e-01 7.003536224365234375e-01
2.450722455978393555e+00 5.217540264129638672e-02
1.552471399307250977e+00 2.993779182434082031e+00
3.869429588317871094e+00 4.223610401153564453e+00
-3.134536743164062500e-02 4.086282730102539062e+00
1.662629008293151855e+00 1.681072831153869629e+00
2.580163955688476562e+00 8.884413242340087891e-01
3.178508996963500977e+00 1.821768164634704590e+00
4.421106338500976562e+00 2.394596338272094727e+00
2.129471302032470703e+00 1.313368797302246094e+00
2.994673252105712891e+00 3.736068248748779297e+00
3.385154962539672852e+00 3.429123878479003906e+00
3.230675458908081055e+00 2.320307254791259766e+00
3.026835203170776367e+00 2.201975822448730469e+00
3.564979791641235352e+00 3.283961057662963867e+00
-1.341359615325927734e-01 5.209145545959472656e-01
1.138514041900634766e+00 9.741585254669189453e-01
9.220086336135864258e-01 8.576240539550781250e-01
1.884307265281677246e+00 2.506895065307617188e+00
4.019083499908447266e+00 3.529411792755126953e+00
9.247786998748779297e-01 -5.944190025329589844e-01
2.142858743667602539e+00 1.698190450668334961e+00
-3.087735176086425781e-02 2.934155702590942383e+00
1.074582576751708984e+00 2.380189180374145508e+00
2.472460031509399414e+00 3.333096027374267578e+00
1.939155697822570801e+00 1.599851369857788086e+00
1.023947477340698242e+00 2.546821832656860352e-01
1.235982775688171387e+00 1.362795233726501465e+00
1.974748015403747559e+00 2.352037668228149414e+00
9.821492433547973633e-01 2.611477136611938477e+00
1.786639451980590820e+00 1.078440427780151367e+00
1.546032428741455078e+00 1.481224775314331055e+00
2.438205242156982422e+00 1.554063439369201660e+00
2.431476116180419922e+00 1.384236574172973633e+00
2.582537412643432617e+00 2.794701814651489258e+00
3.512382030487060547e+00 3.679304122924804688e+00
3.624213933944702148e-01 2.096705913543701172e+00
1.202541112899780273e+00 1.466851592063903809e+00
1.625940084457397461e+00 2.335786342620849609e+00
3.075805902481079102e+00 1.127002000808715820e+00
1.374160051345825195e+00 8.067859411239624023e-01
3.383702278137207031e+00 1.283127427101135254e+00
1.679122686386108398e+00 1.316435575485229492e+00
6.992515325546264648e-01 1.639766931533813477e+00
7.707918882369995117e-01 2.148093700408935547e+00
7.228746414184570312e-01 2.387935161590576172e+00
2.785493135452270508e+00 2.971845149993896484e+00
2.014715194702148438e+00 1.224029064178466797e+00
2.734812259674072266e+00 2.864683151245117188e+00
2.738369703292846680e-01 7.517540454864501953e-01
9.428025484085083008e-01 1.376372218132019043e+00
1.354329228401184082e+00 3.627335071563720703e+00
3.870530366897583008e+00 2.536846876144409180e+00
7.094268798828125000e-01 4.042185544967651367e-01
2.095894813537597656e+00 2.972044944763183594e+00
3.258574247360229492e+00 1.815059423446655273e+00
1.374231457710266113e+00 1.173494935035705566e+00
2.008017301559448242e+00 1.584791898727416992e+00
3.030233383178710938e+00 2.206494569778442383e+00
2.861849546432495117e+00 2.751826763153076172e+00
1.316923499107360840e+00 1.412225484848022461e+00
1.546077251434326172e+00 2.142885208129882812e+00
2.379996776580810547e+00 1.460978984832763672e-01
1.964129567146301270e+00 -8.995106220245361328e-01
3.549233198165893555e+00 1.594114184379577637e+00
4.207835197448730469e+00 2.206484317779541016e+00
9.158153533935546875e-01 1.211354851722717285e+00
3.090027332305908203e+00 8.112634420394897461e-01
2.487361431121826172e+00 6.841163635253906250e-01
1.809676289558410645e+00 2.017724514007568359e+00
1.489316225051879883e+00 3.511590003967285156e+00
2.854732036590576172e+00 1.894341468811035156e+00
1.764892101287841797e+00 2.608610391616821289e+00
3.180114746093750000e+00 3.368647813796997070e+00
2.810788154602050781e+00 2.322152614593505859e+00
2.195713996887207031e+00 2.127763271331787109e+00
2.750803470611572266e+00 3.447444677352905273e+00
1.429122328758239746e+00 2.537261247634887695e+00
1.670506834983825684e+00 2.740219116210937500e+00
3.544688224792480469e-01 2.109105110168457031e+00
3.889304637908935547e+00 1.780826091766357422e+00
4.433187484741210938e+00 1.087095856666564941e+00
2.086945533752441406e+00 1.736662864685058594e+00
6.915128231048583984e-01 9.879727363586425781e-01
2.113863706588745117e+00 1.922421097755432129e+00
5.839548110961914062e-01 2.254357576370239258e+00
2.874397039413452148e+00 3.077047586441040039e+00
1.619286775588989258e+00 3.807749032974243164e+00
3.134778976440429688e+00 2.976161718368530273e+00
1.732733011245727539e+00 2.662003755569458008e+00
-2.008358955383300781e+00 -4.577852249145507812e+00
-3.006842136383056641e+00 -1.602945923805236816e+00
-2.733096599578857422e+00 -5.082964897155761719e-03
-2.927211284637451172e+00 -1.224278926849365234e+00
-2.348909139633178711e+00 -1.087740659713745117e+00
-1.998460412025451660e+00 -2.256833791732788086e+00
-2.223751544952392578e+00 -4.434747695922851562e-01
-1.766765356063842773e+00 -1.591730833053588867e+00
-1.792273044586181641e+00 -1.659587264060974121e+00
2.832248210906982422e-01 -2.351310968399047852e+00
-5.164307355880737305e-01 -9.157756567001342773e-01
-9.486414194107055664e-01 -2.196188449859619141e+00
3.232128620147705078e-01 -4.438375234603881836e-01
-2.856081485748291016e+00 -1.624457001686096191e+00
-3.870326519012451172e+00 -6.287969350814819336e-01
-3.691157817840576172e+00 -3.369492530822753906e+00
-1.108481407165527344e+00 -2.294938564300537109e+00
-1.470069408416748047e+00 -2.292230367660522461e+00
-1.239185929298400879e+00 -2.734891653060913086e+00
-1.457809209823608398e+00 -5.045830726623535156e+00
-2.139214038848876953e+00 -2.912092685699462891e+00
-1.624022245407104492e+00 -1.500108957290649414e+00
-1.970507740974426270e+00 -8.990337848663330078e-01
-1.620392084121704102e+00 -2.314481019973754883e+00
-1.774696826934814453e+00 -6.017591953277587891e-01
-2.527867555618286133e+00 -1.657335162162780762e+00
-1.168361425399780273e+00 -2.014413118362426758e+00
-7.474130392074584961e-01 -2.342870235443115234e+00
-2.544028282165527344e+00 -2.230329275131225586e+00
-3.781185626983642578e+00 -9.440841674804687500e-01
-3.376060724258422852e+00 -1.237846612930297852e+00
-3.037484407424926758e+00 -2.383993625640869141e+00
-3.290396213531494141e+00 -7.145944833755493164e-01
-1.876475572586059570e+00 -2.489565610885620117e+00
-2.400305986404418945e+00 -2.520586967468261719e+00
-5.255525112152099609e-01 -3.366912841796875000e+00
-9.175282716751098633e-01 -2.683922052383422852e+00
-1.194404363632202148e+00 -1.477814674377441406e+00
-1.161722421646118164e+00 -3.318353176116943359e+00
9.061479568481445312e-02 -1.689773678779602051e+00
-2.246153354644775391e-02 -2.125835657119750977e+00
-1.257885932922363281e+00 -1.773689389228820801e+00
-2.876621484756469727e+00 -3.134742975234985352e+00
-2.052565574645996094e+00 -2.849750757217407227e+00
-1.214547157287597656e+00 -2.252242565155029297e+00
-1.264505386352539062e+00 -1.305951833724975586e+00
-7.543553113937377930e-01 -5.875631570816040039e-01
-7.541661262512207031e-01 -1.480483531951904297e+00
-2.180870294570922852e+00 -2.421772480010986328e+00
-5.059440135955810547e-01 -1.776991128921508789e+00
-2.784975767135620117e+00 -2.764797449111938477e+00
-1.274425983428955078e+00 -3.360370635986328125e+00
-1.632186293601989746e+00 -1.860363006591796875e+00
-1.874411106109619141e+00 -1.589563846588134766e+00
-2.351711988449096680e-01 -1.098928570747375488e+00
-2.210282564163208008e+00 -7.431982755661010742e-01
-1.652236938476562500e+00 -1.726340889930725098e+00
-1.527408838272094727e+00 -2.692692995071411133e+00
-9.723418951034545898e-01 -1.841792106628417969e+00
-2.006962776184082031e+00 -1.201704263687133789e+00
-1.882721781730651855e+00 -2.728109359741210938e+00
-1.040696859359741211e+00 -3.357799053192138672e-01
-2.579048395156860352e+00 -1.166711330413818359e+00
-7.487162351608276367e-01 -1.061469912528991699e+00
-1.582111239433288574e+00 -1.889145493507385254e+00
-1.736148357391357422e+00 -1.679473996162414551e+00
-2.268596649169921875e+00 1.224498748779296875e-01
-3.137015342712402344e+00 -3.480719566345214844e+00
-2.868108272552490234e+00 -2.696831703186035156e+00
-1.653832435607910156e+00 3.155877590179443359e-01
-2.404826879501342773e+00 -2.748575925827026367e+00
-3.198689460754394531e+00 -2.034590721130371094e+00
-1.570466041564941406e+00 -2.938402891159057617e+00
-7.084045410156250000e-01 -3.117498159408569336e+00
-1.835754513740539551e+00 -1.389586925506591797e+00
-3.452717542648315430e+00 -2.732753753662109375e+00
-1.264634370803833008e+00 -8.662128448486328125e-01
-1.770399928092956543e+00 -4.983062744140625000e-01
-2.257190227508544922e+00 -4.496246576309204102e-01
-2.267868757247924805e+00 7.645096778869628906e-01
-2.175673961639404297e+00 -2.638194322586059570e+00
-2.919199943542480469e+00 -2.552962303161621094e+00
-1.577948927879333496e+00 -2.363283872604370117e+00
-2.697437763214111328e+00 -2.502362728118896484e+00
-1.021220088005065918e+00 -1.116511821746826172e+00
-8.332251310348510742e-01 -1.027418613433837891e+00
-2.513957262039184570e+00 -1.310254335403442383e-01
-3.267407894134521484e+00 -2.039042711257934570e+00
-3.523087501525878906e-01 -1.487932801246643066e+00
-1.678172588348388672e+00 -3.325222969055175781e+00
3.345785140991210938e-01 -6.198458671569824219e-01
-2.656379222869873047e+00 2.892851829528808594e-01
-7.993146181106567383e-01 -3.271166801452636719e+00
-2.330105304718017578e+00 -1.166307210922241211e+00
-1.259681940078735352e+00 -3.193531751632690430e+00
-8.367657661437988281e-01 -4.017645120620727539e-01
-1.165444254875183105e+00 -2.632593154907226562e+00
-1.205865859985351562e+00 -2.597905158996582031e+00
-2.589746236801147461e+00 -2.138224363327026367e+00
-1.588451623916625977e+00 -3.967034816741943359e-01
