0.000000000000000000e+00 1.147138953208923340e+00 0.000000000000000000e+00
0.000000000000000000e+00 1.387528896331787109e+00 0.000000000000000000e+00
0.000000000000000000e+00 0.000000000000000000e+00 0.000000000000000000e+00
0.000000000000000000e+00 8.226029872894287109e-01 0.000000000000000000e+00
0.000000000000000000e+00 1.471795797348022461e+00 0.000000000000000000e+00
0.000000000000000000e+00 1.442033648490905762e+00 0.000000000000000000e+00
0.000000000000000000e+00 1.253941535949707031e+00 0.000000000000000000e+00
0.000000000000000000e+00 1.344061970710754395e+00 0.000000000000000000e+00
0.000000000000000000e+00 3.600290119647979736e-01 0.000000000000000000e+00
0.000000000000000000e+00 0.000000000000000000e+00 0.000000000000000000e+00
0.000000000000000000e+00 2.603645622730255127e-01 0.000000000000000000e+00
0.000000000000000000e+00 0.000000000000000000e+00 0.000000000000000000e+00
0.000000000000000000e+00 4.088448584079742432e-01 0.000000000000000000e+00
0.000000000000000000e+00 5.668060779571533203e-01 0.000000000000000000e+00
0.000000000000000000e+00 3.205050528049468994e-01 0.000000000000000000e+00
0.000000000000000000e+00 5.882793664932250977e-01 0.000000000000000000e+00
0.000000000000000000e+00 9.316346645355224609e-01 0.000000000000000000e+00
0.000000000000000000e+00 1.294481992721557617e+00 0.000000000000000000e+00
0.000000000000000000e+00 0.000000000000000000e+00 0.000000000000000000e+00
0.000000000000000000e+00 7.365965843200683594e-01 0.000000000000000000e+00
0.000000000000000000e+00 2.015981674194335938e+00 0.000000000000000000e+00
0.000000000000000000e+00 0.000000000000000000e+00 0.000000000000000000e+00
0.000000000000000000e+00 7.492492198944091797e-01 0.000000000000000000e+00
0.000000000000000000e+00 8.107030391693115234e-01 0.000000000000000000e+00
0.000000000000000000e+00 2.267651557922363281e+00 0.000000000000000000e+00
0.000000000000000000e+00 2.019780397415161133e+00 0.000000000000000000e+00
0.000000000000000000e+00 1.496417164802551270e+00 0.000000000000000000e+00
0.000000000000000000e+00 1.047392189502716064e-01 0.000000000000000000e+00
0.000000000000000000e+00 5.532293319702148438e-01 0.000000000000000000e+00
0.000000000000000000e+00 1.071012616157531738e+00 0.000000000000000000e+00
0.000000000000000000e+00 9.627039432525634766e-01 0.000000000000000000e+00
0.000000000000000000e+00 1.642883539199829102e+00 0.000000000000000000e+00
0.000000000000000000e+00 4.066958725452423096e-01 0.000000000000000000e+00
0.000000000000000000e+00 1.995065450668334961e+00 0.000000000000000000e+00
0.000000000000000000e+00 8.386358022689819336e-01 0.000000000000000000e+00
0.000000000000000000e+00 2.977698087692260742e+00 0.000000000000000000e+00
0.000000000000000000e+00 7.714240550994873047e-01 0.000000000000000000e+00
0.000000000000000000e+00 0.000000000000000000e+00 0.000000000000000000e+00
0.000000000000000000e+00 9.064164161682128906e-01 0.000000000000000000e+00
0.000000000000000000e+00 5.359445810317993164e-01 0.000000000000000000e+00
0.000000000000000000e+00 0.000000000000000000e+00 0.000000000000000000e+00
0.000000000000000000e+00 8.921141624450683594e-01 0.000000000000000000e+00
0.000000000000000000e+00 1.625253796577453613e+00 0.000000000000000000e+00
0.000000000000000000e+00 4.373780190944671631e-01 0.000000000000000000e+00
0.000000000000000000e+00 5.495028495788574219e-01 0.000000000000000000e+00
0.000000000000000000e+00 2.468135595321655273e+00 0.000000000000000000e+00
0.000000000000000000e+00 0.000000000000000000e+00 0.000000000000000000e+00
0.000000000000000000e+00 3.175333023071289062e+00 0.000000000000000000e+00
0.000000000000000000e+00 0.000000000000000000e+00 0.000000000000000000e+00
0.000000000000000000e+00 3.633420765399932861e-01 0.000000000000000000e+00
0.000000000000000000e+00 1.890340566635131836e+00 0.000000000000000000e+00
0.000000000000000000e+00 1.991051435470581055e+00 0.000000000000000000e+00
0.000000000000000000e+00 3.573413193225860596e-01 0.000000000000000000e+00
0.000000000000000000e+00 1.744176149368286133e+00 0.000000000000000000e+00
0.000000000000000000e+00 0.000000000000000000e+00 0.000000000000000000e+00
0.000000000000000000e+00 1.431128025054931641e+00 0.000000000000000000e+00
0.000000000000000000e+00 1.249065876007080078e+00 0.000000000000000000e+00
0.000000000000000000e+00 2.941138982772827148e+00 0.000000000000000000e+00
0.000000000000000000e+00 1.781649589538574219e+00 0.000000000000000000e+00
0.000000000000000000e+00 1.037974715232849121e+00 0.000000000000000000e+00
0.000000000000000000e+00 1.985689878463745117e+00 0.000000000000000000e+00
0.000000000000000000e+00 5.273941755294799805e-01 0.000000000000000000e+00
0.000000000000000000e+00 1.152105808258056641e+00 0.000000000000000000e+00
0.000000000000000000e+00 3.336499929428100586e+00 0.000000000000000000e+00
0.000000000000000000e+00 1.880253553390502930e+00 0.000000000000000000e+00
0.000000000000000000e+00 1.616733789443969727e+00 0.000000000000000000e+00
0.000000000000000000e+00 1.552763581275939941e+00 0.000000000000000000e+00
0.000000000000000000e+00 8.610367774963378906e-01 0.000000000000000000e+00
0.000000000000000000e+00 0.000000000000000000e+00 0.000000000000000000e+00
0.000000000000000000e+00 1.662460088729858398e+00 0.000000000000000000e+00
0.000000000000000000e+00 1.299443364143371582e+00 0.000000000000000000e+00
0.000000000000000000e+00 1.171253800392150879e+00 0.000000000000000000e+00
0.000000000000000000e+00 1.138118028640747070e+00 0.000000000000000000e+00
0.000000000000000000e+00 0.000000000000000000e+00 0.000000000000000000e+00
0.000000000000000000e+00 0.000000000000000000e+00 0.000000000000000000e+00
0.000000000000000000e+00 0.000000000000000000e+00 0.000000000000000000e+00
0.000000000000000000e+00 4.100846290588378906e+00 0.000000000000000000e+00
0.000000000000000000e+00 1.037963390350341797e+00 0.000000000000000000e+00
0.000000000000000000e+00 0.000000000000000000e+00 0.000000000000000000e+00
0.000000000000000000e+00 3.131316900253295898e+00 0.000000000000000000e+00
0.000000000000000000e+00 1.407662153244018555e+00 0.000000000000000000e+00
0.000000000000000000e+00 3.251121342182159424e-01 0.000000000000000000e+00
0.000000000000000000e+00 1.080149650573730469e+00 0.000000000000000000e+00
0.000000000000000000e+00 1.678363680839538574e+00 0.000000000000000000e+00
0.000000000000000000e+00 3.719633519649505615e-01 0.000000000000000000e+00
0.000000000000000000e+00 1.625165939331054688e+00 0.000000000000000000e+00
0.000000000000000000e+00 1.630003929138183594e+00 0.000000000000000000e+00
0.000000000000000000e+00 2.083643198013305664e+00 0.000000000000000000e+00
0.000000000000000000e+00 1.141257166862487793e+00 0.000000000000000000e+00
0.000000000000000000e+00 1.875489950180053711e+00 0.000000000000000000e+00
0.000000000000000000e+00 2.281908512115478516e+00 0.000000000000000000e+00
0.000000000000000000e+00 1.265828609466552734e+00 0.000000000000000000e+00
0.000000000000000000e+00 5.744131803512573242e-01 0.000000000000000000e+00
0.000000000000000000e+00 2.765763103961944580e-01 0.000000000000000000e+00
0.000000000000000000e+00 1.405722618103027344e+00 0.000000000000000000e+00
0.000000000000000000e+00 1.164041638374328613e+00 0.000000000000000000e+00
0.000000000000000000e+00 1.360595345497131348e+00 0.000000000000000000e+00
0.000000000000000000e+00 1.498137354850769043e+00 0.000000000000000000e+00
0.000000000000000000e+00 1.586648106575012207e+00 0.000000000000000000e+00
0.000000000000000000e+00 0.000000000000000000e+00 0.000000000000000000e+00
2.102650642395019531e+00 0.000000000000000000e+00 2.780883789062500000e+00
2.199341773986816406e+00 0.000000000000000000e+00 3.079988479614257812e+00
1.075650453567504883e+00 0.000000000000000000e+00 1.731418609619140625e+00
1.130452394485473633e+00 0.000000000000000000e+00 2.261163949966430664e+00
2.387452602386474609e+00 0.000000000000000000e+00 3.177937507629394531e+00
9.009525179862976074e-01 0.000000000000000000e+00 1.760089635848999023e+00
2.155455827713012695e+00 0.000000000000000000e+00 2.772079229354858398e+00
1.153972864151000977e+00 0.000000000000000000e+00 2.157911062240600586e+00
1.890058279037475586e+00 0.000000000000000000e+00 2.438000202178955078e+00
3.077909946441650391e+00 0.000000000000000000e+00 3.440018653869628906e+00
1.867264032363891602e+00 0.000000000000000000e+00 2.877772331237792969e+00
9.711284041404724121e-01 0.000000000000000000e+00 2.179406881332397461e+00
2.078571557998657227e+00 0.000000000000000000e+00 2.763334989547729492e+00
1.053656816482543945e+00 0.000000000000000000e+00 1.648832798004150391e+00
1.257541418075561523e+00 0.000000000000000000e+00 2.007648706436157227e+00
1.628085613250732422e+00 0.000000000000000000e+00 2.183438062667846680e+00
2.522808074951171875e+00 0.000000000000000000e+00 3.133395433425903320e+00
2.590129613876342773e+00 0.000000000000000000e+00 3.553246021270751953e+00
1.333342313766479492e+00 0.000000000000000000e+00 3.004552125930786133e+00
2.235092163085937500e+00 0.000000000000000000e+00 3.317205429077148438e+00
5.407133698463439941e-01 0.000000000000000000e+00 1.916337728500366211e+00
1.110344171524047852e+00 0.000000000000000000e+00 2.181541681289672852e+00
1.426349163055419922e+00 0.000000000000000000e+00 2.509975433349609375e+00
6.664668917655944824e-01 0.000000000000000000e+00 1.568518638610839844e+00
1.103285074234008789e+00 0.000000000000000000e+00 2.303536653518676758e+00
1.445730328559875488e-01 5.929999351501464844e-01 1.733902931213378906e+00
5.887284874916076660e-01 0.000000000000000000e+00 1.474153995513916016e+00
2.092608690261840820e+00 0.000000000000000000e+00 3.114417552947998047e+00
0.000000000000000000e+00 0.000000000000000000e+00 7.639053463935852051e-01
1.954691648483276367e+00 0.000000000000000000e+00 2.634581804275512695e+00
2.372285604476928711e+00 0.000000000000000000e+00 3.141718864440917969e+00
2.937216520309448242e+00 0.000000000000000000e+00 4.137231349945068359e+00
1.040875911712646484e+00 0.000000000000000000e+00 1.941796541213989258e+00
1.901339292526245117e+00 0.000000000000000000e+00 2.925632238388061523e+00
1.604983806610107422e+00 0.000000000000000000e+00 2.073866367340087891e+00
4.078932404518127441e-01 0.000000000000000000e+00 1.359623432159423828e+00
1.350592851638793945e+00 0.000000000000000000e+00 2.501168012619018555e+00
1.599375009536743164e+00 0.000000000000000000e+00 2.898655652999877930e+00
2.372429609298706055e+00 0.000000000000000000e+00 3.168084383010864258e+00
1.460036754608154297e+00 0.000000000000000000e+00 2.250006437301635742e+00
3.184228539466857910e-01 0.000000000000000000e+00 1.460671186447143555e+00
8.986230492591857910e-01 0.000000000000000000e+00 2.082162618637084961e+00
1.138842821121215820e+00 0.000000000000000000e+00 2.567350864410400391e+00
2.284975051879882812e+00 0.000000000000000000e+00 2.997953414916992188e+00
1.908833742141723633e+00 0.000000000000000000e+00 2.605587959289550781e+00
1.618380308151245117e+00 0.000000000000000000e+00 2.581705331802368164e+00
1.351502656936645508e+00 0.000000000000000000e+00 1.983648061752319336e+00
1.846640348434448242e+00 0.000000000000000000e+00 2.883280992507934570e+00
1.105784893035888672e+00 0.000000000000000000e+00 1.481771707534790039e+00
1.476321697235107422e+00 0.000000000000000000e+00 2.477735042572021484e+00
1.214578151702880859e+00 0.000000000000000000e+00 2.019839525222778320e+00
1.736444234848022461e+00 0.000000000000000000e+00 2.939622879028320312e+00
1.180985212326049805e+00 0.000000000000000000e+00 1.938986063003540039e+00
1.192595958709716797e+00 0.000000000000000000e+00 2.452199935913085938e+00
1.738772153854370117e+00 0.000000000000000000e+00 2.467749357223510742e+00
8.246523737907409668e-01 0.000000000000000000e+00 1.254151463508605957e+00
4.968010783195495605e-01 0.000000000000000000e+00 1.711205244064331055e+00
1.195712566375732422e+00 0.000000000000000000e+00 2.090318679809570312e+00
3.645945191383361816e-01 0.000000000000000000e+00 1.428973436355590820e+00
6.226074099540710449e-01 0.000000000000000000e+00 1.848740577697753906e+00
1.745040655136108398e+00 0.000000000000000000e+00 2.654346704483032227e+00
1.976310014724731445e+00 0.000000000000000000e+00 2.818604946136474609e+00
1.293958902359008789e+00 0.000000000000000000e+00 2.363620281219482422e+00
1.579618692398071289e+00 0.000000000000000000e+00 2.581785202026367188e+00
1.680080652236938477e+00 0.000000000000000000e+00 2.225200653076171875e+00
1.473211765289306641e+00 0.000000000000000000e+00 2.174486637115478516e+00
4.061787128448486328e-01 0.000000000000000000e+00 1.514115333557128906e+00
1.346784353256225586e+00 0.000000000000000000e+00 2.149177312850952148e+00
1.678078889846801758e+00 0.000000000000000000e+00 2.674091100692749023e+00
2.327766180038452148e+00 0.000000000000000000e+00 3.457315206527709961e+00
1.388038396835327148e+00 0.000000000000000000e+00 2.417826652526855469e+00
8.505515456199645996e-01 0.000000000000000000e+00 2.052031278610229492e+00
1.560357332229614258e+00 0.000000000000000000e+00 2.661542892456054688e+00
1.098369836807250977e+00 0.000000000000000000e+00 2.431644439697265625e+00
2.746247649192810059e-01 0.000000000000000000e+00 1.486958026885986328e+00
2.300671935081481934e-01 0.000000000000000000e+00 1.131210923194885254e+00
2.053958415985107422e+00 0.000000000000000000e+00 2.945677280426025391e+00
7.843963503837585449e-01 0.000000000000000000e+00 1.480329275131225586e+00
9.432540535926818848e-01 0.000000000000000000e+00 1.621250629425048828e+00
1.541342973709106445e+00 0.000000000000000000e+00 2.452482223510742188e+00
4.517635703086853027e-01 6.645125150680541992e-01 2.198505878448486328e+00
2.543886423110961914e+00 0.000000000000000000e+00 3.500430107116699219e+00
7.835828661918640137e-01 0.000000000000000000e+00 1.838399648666381836e+00
1.375659227371215820e+00 0.000000000000000000e+00 2.513294219970703125e+00
3.228252530097961426e-01 0.000000000000000000e+00 1.656723976135253906e+00
1.073362350463867188e+00 0.000000000000000000e+00 1.561774015426635742e+00
1.562433958053588867e+00 0.000000000000000000e+00 2.074810504913330078e+00
1.824026584625244141e+00 0.000000000000000000e+00 3.006750583648681641e+00
1.190523386001586914e+00 0.000000000000000000e+00 2.478337049484252930e+00
1.919721126556396484e+00 0.000000000000000000e+00 2.496409893035888672e+00
0.000000000000000000e+00 0.000000000000000000e+00 7.868531942367553711e-01
2.365015745162963867e+00 0.000000000000000000e+00 2.683476448059082031e+00
1.533763170242309570e+00 0.000000000000000000e+00 1.911133527755737305e+00
1.542833805084228516e+00 0.000000000000000000e+00 2.039172410964965820e+00
1.973935604095458984e+00 0.000000000000000000e+00 3.061083555221557617e+00
1.463397502899169922e+00 0.000000000000000000e+00 2.036928176879882812e+00
1.883187532424926758e+00 0.000000000000000000e+00 2.834979295730590820e+00
1.610274553298950195e+00 0.000000000000000000e+00 2.277040243148803711e+00
6.463684439659118652e-01 0.000000000000000000e+00 1.620802879333496094e+00
1.154216527938842773e+00 0.000000000000000000e+00 2.224436759948730469e+00
