4.322985708713531494e-01 -1.133235931396484375e+00
5.408983230590820312e-01 -1.258167028427124023e+00
-8.593866974115371704e-02 -5.370655059814453125e-01
2.856845855712890625e-01 -9.645739793777465820e-01
5.789671540260314941e-01 -1.301960706710815430e+00
5.655216574668884277e-01 -1.286493301391601562e+00
4.805482327938079834e-01 -1.188741445541381836e+00
5.212614536285400391e-01 -1.235577225685119629e+00
7.670984417200088501e-02 -7.241733074188232422e-01
-8.593866974115371704e-02 -5.370655059814453125e-01
3.168492764234542847e-02 -6.723774671554565430e-01
-8.593866974115371704e-02 -5.370655059814453125e-01
9.876313060522079468e-02 -7.495430111885070801e-01
1.701244711875915527e-01 -8.316357731819152832e-01
5.885428935289382935e-02 -7.036325931549072266e-01
1.798253655433654785e-01 -8.427954912185668945e-01
3.349412679672241211e-01 -1.021237850189208984e+00
4.988630115985870361e-01 -1.209810495376586914e+00
-8.593866974115371704e-02 -5.370655059814453125e-01
2.468298971652984619e-01 -9.198762178421020508e-01
8.248112797737121582e-01 -1.584775209426879883e+00
-8.593866974115371704e-02 -5.370655059814453125e-01
2.525459229946136475e-01 -9.264518022537231445e-01
2.803086042404174805e-01 -9.583895206451416016e-01
9.385069608688354492e-01 -1.715568542480468750e+00
8.265274167060852051e-01 -1.586749434471130371e+00
5.900902152061462402e-01 -1.314756512641906738e+00
-3.862115740776062012e-02 -5.914986729621887207e-01
1.639909744262695312e-01 -8.245798945426940918e-01
3.979073464870452881e-01 -1.093672990798950195e+00
3.489772975444793701e-01 -1.037384748458862305e+00
6.562585830688476562e-01 -1.390875339508056641e+00
9.779229015111923218e-02 -7.484261989593505859e-01
8.153620362281799316e-01 -1.573904991149902344e+00
2.929276525974273682e-01 -9.729062318801879883e-01
1.259281039237976074e+00 -2.084581375122070312e+00
2.625637352466583252e-01 -9.379761219024658203e-01
-8.593866974115371704e-02 -5.370655059814453125e-01
3.235485553741455078e-01 -1.008131980895996094e+00
1.561823487281799316e-01 -8.155969977378845215e-01
-8.593866974115371704e-02 -5.370655059814453125e-01
3.170872926712036133e-01 -1.000699043273925781e+00
6.482940912246704102e-01 -1.381713151931762695e+00
1.116534098982810974e-01 -7.643717527389526367e-01
1.623074710369110107e-01 -8.226432800292968750e-01
1.029078602790832520e+00 -1.819760560989379883e+00
-8.593866974115371704e-02 -5.370655059814453125e-01
1.348565578460693359e+00 -2.187292575836181641e+00
-8.593866974115371704e-02 -5.370655059814453125e-01
7.820656150579452515e-02 -7.258951067924499512e-01
7.680510282516479492e-01 -1.519479274749755859e+00
8.135486841201782227e-01 -1.571818947792053223e+00
7.549563795328140259e-02 -7.227765321731567383e-01
7.020190358161926270e-01 -1.443517446517944336e+00
-8.593866974115371704e-02 -5.370655059814453125e-01
5.605948567390441895e-01 -1.280825614929199219e+00
4.783456027507781982e-01 -1.186207532882690430e+00
1.242764949798583984e+00 -2.065581321716308594e+00
7.189482450485229492e-01 -1.462992429733276367e+00
3.829819858074188232e-01 -1.076503038406372070e+00
8.111264705657958984e-01 -1.569032549858093262e+00
1.523195505142211914e-01 -8.111532926559448242e-01
4.345424473285675049e-01 -1.135817289352416992e+00
1.421375155448913574e+00 -2.271051406860351562e+00
7.634940743446350098e-01 -1.514237046241760254e+00
6.444450616836547852e-01 -1.377285242080688477e+00
6.155455708503723145e-01 -1.344039916992187500e+00
3.030476272106170654e-01 -9.845480918884277344e-01
-8.593866974115371704e-02 -5.370655059814453125e-01
6.651026010513305664e-01 -1.401049375534057617e+00
5.011043548583984375e-01 -1.212388873100280762e+00
4.431928098201751709e-01 -1.145768404006958008e+00
4.282232224941253662e-01 -1.128547668457031250e+00
-8.593866974115371704e-02 -5.370655059814453125e-01
-8.593866974115371704e-02 -5.370655059814453125e-01
-8.593866974115371704e-02 -5.370655059814453125e-01
1.766680121421813965e+00 -2.668283700942993164e+00
3.829768598079681396e-01 -1.076497197151184082e+00
-8.593866974115371704e-02 -5.370655059814453125e-01
1.328680634498596191e+00 -2.164417266845703125e+00
5.499938130378723145e-01 -1.268630385398864746e+00
6.093560904264450073e-02 -7.060269117355346680e-01
4.020351469516754150e-01 -1.098421454429626465e+00
6.722872853279113770e-01 -1.409314513206481934e+00
8.210135251283645630e-02 -7.303756475448608398e-01
6.482543945312500000e-01 -1.381667494773864746e+00
6.504400372505187988e-01 -1.384181857109069824e+00
8.553783893585205078e-01 -1.619939088821411133e+00
4.296413958072662354e-01 -1.130179166793823242e+00
7.613420486450195312e-01 -1.511761426925659180e+00
9.449477195739746094e-01 -1.722977995872497559e+00
4.859183728694915771e-01 -1.194919109344482422e+00
1.735610961914062500e-01 -8.355891704559326172e-01
3.900882601737976074e-02 -6.808027625083923340e-01
5.491175651550292969e-01 -1.267622470855712891e+00
4.399345815181732178e-01 -1.142020225524902344e+00
5.287306904792785645e-01 -1.244169712066650391e+00
5.908673405647277832e-01 -1.315650463104248047e+00
6.308534145355224609e-01 -1.361649751663208008e+00
-8.593866974115371704e-02 -5.370655059814453125e-01
2.427887022495269775e-01 3.420578241348266602e+00
2.604013681411743164e-01 3.743889808654785156e+00
8.672957867383956909e-02 1.742409706115722656e+00
1.019630655646324158e-01 2.222957611083984375e+00
2.876116633415222168e-01 3.973462104797363281e+00
6.320344656705856323e-02 1.627946615219116211e+00
2.498978078365325928e-01 3.455062389373779297e+00
1.036816313862800598e-01 2.156335830688476562e+00
2.086524367332458496e-01 2.969496011734008789e+00
3.860661983489990234e-01 4.735683441162109375e+00
2.119390070438385010e-01 3.314433336257934570e+00
7.893431931734085083e-02 2.029509544372558594e+00
2.392325997352600098e-01 3.387056350708007812e+00
8.251125365495681763e-02 1.656859159469604492e+00
1.156862899661064148e-01 2.114206314086914062e+00
1.690356135368347168e-01 2.552265644073486328e+00
3.055141866207122803e-01 4.043720245361328125e+00
3.208616375923156738e-01 4.443466663360595703e+00
1.406078636646270752e-01 2.996919631958007812e+00
2.687593102455139160e-01 3.967940330505371094e+00
1.610678434371948242e-02 1.472077608108520508e+00
9.804635494947433472e-02 2.141343593597412109e+00
1.461457014083862305e-01 2.662264108657836914e+00
2.827224135398864746e-02 1.284438014030456543e+00
9.885721653699874878e-02 2.236449241638183594e+00
2.270490229129791260e-01 7.001125812530517578e-01
1.624182611703872681e-02 1.145090818405151367e+00
2.462744116783142090e-01 3.687915802001953125e+00
-7.480287551879882812e-02 9.341347217559814453e-02
2.203767299652099609e-01 3.182844877243041992e+00
2.850049138069152832e-01 3.931577682495117188e+00
3.769463300704956055e-01 5.199878215789794922e+00
8.503016084432601929e-02 1.888547658920288086e+00
2.173070609569549561e-01 3.380875825881958008e+00
1.642720103263854980e-01 2.443566322326660156e+00
-1.021301001310348511e-02 9.075856208801269531e-01
1.356341540813446045e-01 2.595097541809082031e+00
1.755265891551971436e-01 3.119860410690307617e+00
2.854089736938476562e-01 3.953452110290527344e+00
1.469732224941253662e-01 2.474337577819824219e+00
-2.100279182195663452e-02 9.202435016632080078e-01
6.757917255163192749e-02 1.891923427581787109e+00
1.075764968991279602e-01 2.482298851013183594e+00
2.709423899650573730e-01 3.743890285491943359e+00
2.136687934398651123e-01 3.122657299041748047e+00
1.735111176967620850e-01 2.873296499252319336e+00
1.282147169113159180e-01 2.168688774108886719e+00
2.091926336288452148e-01 3.302673578262329102e+00
8.722060173749923706e-02 1.560193061828613281e+00
1.525249481201171875e-01 2.675166130065917969e+00
1.099754497408866882e-01 2.090298414230346680e+00
1.949104964733123779e-01 3.262047290802001953e+00
1.041925773024559021e-01 1.997006654739379883e+00
1.132652685046195984e-01 2.429760932922363281e+00
1.883508265018463135e-01 2.874433279037475586e+00
4.537046700716018677e-02 1.150049924850463867e+00
7.097862660884857178e-03 1.268054723739624023e+00
1.084171459078788757e-01 2.133551359176635742e+00
-1.513657718896865845e-02 9.305882453918457031e-01
2.634578198194503784e-02 1.481037616729736328e+00
1.919301152229309082e-01 3.033395290374755859e+00
2.260223627090454102e-01 3.351818561553955078e+00
1.258668005466461182e-01 2.436796426773071289e+00
1.681996285915374756e-01 2.842715024948120117e+00
1.767708361148834229e-01 2.627844095230102539e+00
1.476781070232391357e-01 2.422425270080566406e+00
-8.195899426937103271e-03 1.033737897872924805e+00
1.299810409545898438e-01 2.301575660705566406e+00
1.830401718616485596e-01 2.996747016906738281e+00
2.835036516189575195e-01 4.156851291656494141e+00
1.395515501499176025e-01 2.555919647216796875e+00
6.055124849081039429e-02 1.829046726226806641e+00
1.667223274707794189e-01 2.893312931060791016e+00
1.000510081648826599e-01 2.338294982910156250e+00
-2.662256360054016113e-02 9.073096513748168945e-01
-3.791550546884536743e-02 5.784687995910644531e-01
2.385172247886657715e-01 3.518089294433593750e+00
4.315007477998733521e-02 1.304893970489501953e+00
6.697737425565719604e-02 1.546803712844848633e+00
1.610686480998992920e-01 2.705733776092529297e+00
3.082321286201477051e-01 1.289283871650695801e+00
3.137536048889160156e-01 4.363312721252441406e+00
4.825832694768905640e-02 1.599779367446899414e+00
1.392465233802795410e-01 2.624924659729003906e+00
-1.754145324230194092e-02 1.085533857345581055e+00
8.394298702478408813e-02 1.600586652755737305e+00
1.584538817405700684e-01 2.410703182220458984e+00
2.078930735588073730e-01 3.386697769165039062e+00
1.133622303605079651e-01 2.449694156646728516e+00
2.135694921016693115e-01 3.041156768798828125e+00
-7.446835935115814209e-02 1.123531460762023926e-01
2.773284912109375000e-01 3.547625541687011719e+00
1.521382629871368408e-01 2.252945899963378906e+00
1.552479565143585205e-01 2.365792751312255859e+00
2.292316257953643799e-01 3.550067424774169922e+00
1.443277299404144287e-01 2.301133632659912109e+00
2.134976685047149658e-01 3.291704893112182617e+00
1.679589152336120605e-01 2.615436315536499023e+00
2.627971768379211426e-02 1.311699032783508301e+00
1.046847924590110779e-01 2.211434602737426758e+00
